# Created by Octave 2.1.33, Fri May 25 18:50:23 2001 CEST <gonzalez@charm.gae.ucm.es>
# name: m
# type: matrix
# rows: 51
# columns: 7
 0.001 51.9807619600018 969.998947577264 7939.99915390353 63879.9766773902 999697.716741751 7999326.90325192
 0.00125892541179417 51.9807618702025 969.998935005677 7939.99873269162 63879.9630453271 999696.381285065 7999284.14987072
 0.00158489319246111 51.9807617278801 969.998915081063 7939.99806511519 63879.9414399382 999694.264730614 7999216.39089348
 0.00199526231496888 51.9807615023142 969.998883502687 7939.9970070789 63879.907197755 999690.910232149 7999109.00182254
 0.00251188643150958 51.9807611448164 969.998833454345 7939.99533020439 63879.852927601 999685.593740682 7998938.80551959
 0.00316227766016838 51.9807605782206 969.998754133041 7939.99267253842 63879.7669152985 999677.16774622 7998669.07238575
 0.00398107170553497 51.9807596802266 969.998628417286 7939.98846042423 63879.6305953199 999663.813639089 7998241.59905249
 0.00501187233627272 51.9807582570024 969.998429171287 7939.98178467961 63879.414543538 999642.649294442 7997564.16193305
 0.00630957344480193 51.9807560013441 969.998113387775 7939.97120435197 63879.0721265049 999609.107289359 7996490.65310738
 0.00794328234724281 51.9807524263668 969.997612904893 7939.95443570128 63878.5294370888 999555.949869616 7994789.64976106
 0.01 51.9807467604102 969.996819693712 7939.92785927794 63877.6693449424 999471.708756052 7992094.72932809
 0.0125892541179417 51.980737780476 969.995562540469 7939.88573872802 63876.3062223438 999338.214978866 7987826.04868046
 0.0158489319246111 51.9807235482437 969.993570091331 7939.81898276652 63874.1458981241 999126.69029494 7981066.87064103
 0.0199526231496888 51.9807009916864 969.990412283423 7939.71318323054 63870.7222145081 998791.568528613 7970369.90782909
 0.0251188643150958 51.9806652419795 969.985407523323 7939.54550611923 63865.2965428983 998260.743258432 7953455.48718612
 0.0316227766016838 51.9806085825802 969.977475583755 7939.2797654821 63856.6986917831 997420.212158553 7926745.8369323
 0.0398107170553497 51.9805187836548 969.964904484161 7938.85861925683 63843.0751773931 996089.992025627 7884658.33516881
 0.0501187233627272 51.9803764623785 969.944981079751 7938.19120850994 63821.4913001361 993986.576316978 7818562.34275998
 0.0630957344480193 51.9801508994344 969.913405731316 7937.13358705982 63787.3030871453 990665.001615459 7715312.22498485
 0.0794328234724282 51.9797934089678 969.863364988686 7935.4577549993 63733.168427953 985430.909508753 7555363.64962316
 0.1 51.9792268315622 969.784062819462 7932.8027068279 63647.4961962212 977210.699736753 7310796.49745644
 0.125892541179417 51.9783288839734 969.658395090459 7928.59716572505 63512.0291468502 964368.804284582 6944352.67639708
 0.158489319246111 51.9769057758649 969.459269710709 7921.93792200709 63298.1147984135 944472.735205406 6412131.54133838
 0.199526231496888 51.974650409297 969.143789111292 7911.39900576246 62961.0470269656 914045.644635598 5674623.81531148
 0.251188643150958 51.9710761649005 968.644066871433 7894.73422401593 62431.716227594 868443.393419441 4720907.56802942
 0.316227766016838 51.9654120492294 967.852765218278 7868.41810542146 61604.8721386086 802183.794862564 3602728.06680927
 0.398107170553497 51.9564367384571 966.60040421047 7826.94902732193 60324.0651177508 710310.582892595 2453891.97426332
 0.501187233627272 51.9422161174548 964.619975492859 7761.82006646878 58365.8740252612 591398.352898181 1454614.52823031
 0.630957344480193 51.9196887174964 961.492293672283 7660.07031614595 55432.329355335 451808.633908706 738496.338260805
 0.794328234724282 51.8840122149503 956.562937867943 7502.42107058803 51172.7342157157 308160.364362437 320694.944786597
 1 51.8275365560608 948.819342519086 7261.31010968832 45272.3513494168 182967.025722843 120787.544460234
 1.25892541179417 51.7381986054783 936.717160726043 6899.90658816023 37646.3285756045 93051.9955705989 40425.3966995651
 1.58489319246111 51.5970330208484 917.955284387318 6374.69890962163 28711.9011379836 40476.1644794065 12357.2389786535
 1.99526231496888 51.3743642226838 889.234385113536 5646.27142231727 19541.3846721022 15267.8825171435 3538.09189830571
 2.51188643150958 51.0241086308061 846.123418623077 4703.09254093664 11573.9076283866 5116.29961457721 968.280872944636
 3.16227766016838 50.4755669034781 783.33702223709 3595.28446147772 5871.22357205535 1565.58221681839 257.112955835157
 3.98107170553497 49.622384132945 695.973716059614 2454.38636516928 2548.05755160868 448.665552144199 66.9408818225456
 5.01187233627272 48.3096284910122 582.318377669941 1459.0489226904 959.499405888675 122.901466442426 17.2104638267347
 6.30957344480194 46.3234487453721 447.937558108659 743.259977985801 321.243571475756 32.6706422986294 4.39032421129536
 7.94328234724282 43.3953906648853 308.318243100992 324.037230403065 98.3132787628164 8.51875598952997 1.11482202767232
 10 39.245811007298 185.166324564422 122.618373455251 28.2144156634139 2.19502496869482 0.282434563102876
 12.5892541179417 33.7001520006483 95.4635254552253 41.2816402799036 7.75269194091425 0.561854231503367 0.0715200605084621
 15.8489319246111 26.8886288845889 42.188942140202 12.7217202224666 2.07228526145163 0.143433532481098 0.01813390131337
 19.9526231496888 19.4387208572777 16.2158919227384 3.68596199892086 0.54530953747358 0.03664555192035 0.00461302819730089
 25.1188643150958 12.4251167588765 5.56442426727521 1.02719995394192 0.142602709190189 0.00940425863766245 0.00118060239679959
 31.6227766016838 6.90570475367066 1.75887789200955 0.280581294914136 0.0373750076066039 0.0024354537584882 0.000305217910051993
 39.8107170553498 3.33231243592352 0.528592697091018 0.0763826685234511 0.00990781128412013 0.000640741608593961 8.02121758326672e-05
 50.1187233627273 1.42132245238124 0.155709893176622 0.0210775322591129 0.00268806478001779 0.000173006754585246 2.16432406073557e-05
 63.0957344480194 0.555823219644718 0.0463835261019734 0.00601816076096386 0.000759301212468751 4.87219731640074e-05 6.09251219719607e-06
 79.4328234724282 0.210010701930293 0.0144925527606322 0.00183015245671814 0.000229349170037945 1.46887398987361e-05 1.83627806552056e-06
 89 0.130843580974868 0.00842484096867747 0.00105395777935847 0.000131771132458825 8.43382468634603e-06 1.05423651339267e-06
