# Created by Octave 2.1.33, Fri May 25 18:04:33 2001 CEST <gonzalez@charm.gae.ucm.es>
# name: theta
# type: matrix
# rows: 1
# columns: 51
 0.001 0.00125892541179417 0.00158489319246111 0.00199526231496888 0.00251188643150958 0.00316227766016838 0.00398107170553497 0.00501187233627272 0.00630957344480193 0.00794328234724281 0.01 0.0125892541179417 0.0158489319246111 0.0199526231496888 0.0251188643150958 0.0316227766016838 0.0398107170553497 0.0501187233627272 0.0630957344480193 0.0794328234724282 0.1 0.125892541179417 0.158489319246111 0.199526231496888 0.251188643150958 0.316227766016838 0.398107170553497 0.501187233627272 0.630957344480193 0.794328234724282 1 1.25892541179417 1.58489319246111 1.99526231496888 2.51188643150958 3.16227766016838 3.98107170553497 5.01187233627272 6.30957344480194 7.94328234724282 10 12.5892541179417 15.8489319246111 19.9526231496888 25.1188643150958 31.6227766016838 39.8107170553498 50.1187233627273 63.0957344480194 79.4328234724282 89
# name: thetarad
# type: matrix
# rows: 1
# columns: 51
 1.74532925199433e-05 2.19723934728337e-05 2.76616045008906e-05 3.48238968371711e-05 4.38406886660132e-05 5.51921570322006e-05 6.94828090195715e-05 8.74736739575795e-05 0.000110122831008194 0.000138636430374931 0.000174532925199433 0.000219723934728337 0.000276616045008906 0.000348238968371711 0.000438406886660132 0.000551921570322006 0.000694828090195714 0.000874736739575795 0.00110122831008194 0.00138636430374931 0.00174532925199433 0.00219723934728337 0.00276616045008906 0.00348238968371711 0.00438406886660132 0.00551921570322006 0.00694828090195715 0.00874736739575795 0.0110122831008194 0.0138636430374931 0.0174532925199433 0.0219723934728337 0.0276616045008906 0.0348238968371711 0.0438406886660132 0.0551921570322006 0.0694828090195715 0.0874736739575795 0.110122831008194 0.138636430374931 0.174532925199433 0.219723934728337 0.276616045008906 0.348238968371711 0.438406886660132 0.551921570322006 0.694828090195715 0.874736739575795 1.10122831008194 1.38636430374931 1.55334303427495
# name: gamma
# type: matrix
# rows: 1
# columns: 6
 1 2 5 10 20 50
# name: beta
# type: matrix
# rows: 1
# columns: 6
 0 0.866025403784439 0.979795897113271 0.99498743710662 0.998749217771909 0.999799979995999
# name: t
# type: matrix
# rows: 6
# columns: 51
 1.74532925199433e-05 2.19723934728337e-05 2.76616045008906e-05 3.48238968371711e-05 4.38406886660132e-05 5.51921570322006e-05 6.94828090195715e-05 8.74736739575795e-05 0.000110122831008194 0.000138636430374931 0.000174532925199433 0.000219723934728337 0.000276616045008906 0.000348238968371711 0.000438406886660132 0.000551921570322006 0.000694828090195714 0.000874736739575795 0.00110122831008194 0.00138636430374931 0.00174532925199433 0.00219723934728337 0.00276616045008906 0.00348238968371711 0.00438406886660132 0.00551921570322006 0.00694828090195715 0.00874736739575795 0.0110122831008194 0.0138636430374931 0.0174532925199433 0.0219723934728337 0.0276616045008906 0.0348238968371711 0.0438406886660132 0.0551921570322006 0.0694828090195715 0.0874736739575795 0.110122831008194 0.138636430374931 0.174532925199433 0.219723934728337 0.276616045008906 0.348238968371711 0.438406886660132 0.551921570322006 0.694828090195715 0.874736739575795 1.10122831008194 1.38636430374931 1.55334303427495
 1.74532925199433e-05 2.19723934728337e-05 2.76616045008906e-05 3.48238968371711e-05 4.38406886660132e-05 5.51921570322006e-05 6.94828090195715e-05 8.74736739575795e-05 0.000110122831008194 0.000138636430374931 0.000174532925199433 0.000219723934728337 0.000276616045008906 0.000348238968371711 0.000438406886660132 0.000551921570322006 0.000694828090195714 0.000874736739575795 0.00110122831008194 0.00138636430374931 0.00174532925199433 0.00219723934728337 0.00276616045008906 0.00348238968371711 0.00438406886660132 0.00551921570322006 0.00694828090195715 0.00874736739575795 0.0110122831008194 0.0138636430374931 0.0174532925199433 0.0219723934728337 0.0276616045008906 0.0348238968371711 0.0438406886660132 0.0551921570322006 0.0694828090195715 0.0874736739575795 0.110122831008194 0.138636430374931 0.174532925199433 0.219723934728337 0.276616045008906 0.348238968371711 0.438406886660132 0.551921570322006 0.694828090195715 0.874736739575795 1.10122831008194 1.38636430374931 1.55334303427495
 1.74532925199433e-05 2.19723934728337e-05 2.76616045008906e-05 3.48238968371711e-05 4.38406886660132e-05 5.51921570322006e-05 6.94828090195715e-05 8.74736739575795e-05 0.000110122831008194 0.000138636430374931 0.000174532925199433 0.000219723934728337 0.000276616045008906 0.000348238968371711 0.000438406886660132 0.000551921570322006 0.000694828090195714 0.000874736739575795 0.00110122831008194 0.00138636430374931 0.00174532925199433 0.00219723934728337 0.00276616045008906 0.00348238968371711 0.00438406886660132 0.00551921570322006 0.00694828090195715 0.00874736739575795 0.0110122831008194 0.0138636430374931 0.0174532925199433 0.0219723934728337 0.0276616045008906 0.0348238968371711 0.0438406886660132 0.0551921570322006 0.0694828090195715 0.0874736739575795 0.110122831008194 0.138636430374931 0.174532925199433 0.219723934728337 0.276616045008906 0.348238968371711 0.438406886660132 0.551921570322006 0.694828090195715 0.874736739575795 1.10122831008194 1.38636430374931 1.55334303427495
 1.74532925199433e-05 2.19723934728337e-05 2.76616045008906e-05 3.48238968371711e-05 4.38406886660132e-05 5.51921570322006e-05 6.94828090195715e-05 8.74736739575795e-05 0.000110122831008194 0.000138636430374931 0.000174532925199433 0.000219723934728337 0.000276616045008906 0.000348238968371711 0.000438406886660132 0.000551921570322006 0.000694828090195714 0.000874736739575795 0.00110122831008194 0.00138636430374931 0.00174532925199433 0.00219723934728337 0.00276616045008906 0.00348238968371711 0.00438406886660132 0.00551921570322006 0.00694828090195715 0.00874736739575795 0.0110122831008194 0.0138636430374931 0.0174532925199433 0.0219723934728337 0.0276616045008906 0.0348238968371711 0.0438406886660132 0.0551921570322006 0.0694828090195715 0.0874736739575795 0.110122831008194 0.138636430374931 0.174532925199433 0.219723934728337 0.276616045008906 0.348238968371711 0.438406886660132 0.551921570322006 0.694828090195715 0.874736739575795 1.10122831008194 1.38636430374931 1.55334303427495
 1.74532925199433e-05 2.19723934728337e-05 2.76616045008906e-05 3.48238968371711e-05 4.38406886660132e-05 5.51921570322006e-05 6.94828090195715e-05 8.74736739575795e-05 0.000110122831008194 0.000138636430374931 0.000174532925199433 0.000219723934728337 0.000276616045008906 0.000348238968371711 0.000438406886660132 0.000551921570322006 0.000694828090195714 0.000874736739575795 0.00110122831008194 0.00138636430374931 0.00174532925199433 0.00219723934728337 0.00276616045008906 0.00348238968371711 0.00438406886660132 0.00551921570322006 0.00694828090195715 0.00874736739575795 0.0110122831008194 0.0138636430374931 0.0174532925199433 0.0219723934728337 0.0276616045008906 0.0348238968371711 0.0438406886660132 0.0551921570322006 0.0694828090195715 0.0874736739575795 0.110122831008194 0.138636430374931 0.174532925199433 0.219723934728337 0.276616045008906 0.348238968371711 0.438406886660132 0.551921570322006 0.694828090195715 0.874736739575795 1.10122831008194 1.38636430374931 1.55334303427495
