# Created by Octave 2.1.33, Fri Jan 19 15:48:14 2001 CET <gonzalez@charm.gae.ucm.es>
# name: za_humppos_thickness_smooth
# type: matrix
# rows: 851
# columns: 3
 0 127.827304933997 867.521309485393
 0.1 127.758272849141 867.05281173617
 0.2 127.691841349075 866.601963289056
 0.3 127.62796826111 866.168477932067
 0.4 127.566612054941 865.752073812866
 0.5 127.507731831196 865.35247336105
 0.6 127.451287310271 864.969403212373
 0.7 127.397238821442 864.602594134853
 0.8 127.345547292238 864.251780956655
 0.9 127.296174238082 863.916702495783
 1 127.249081752178 863.597101491448
 1.1 127.204232495652 863.292724537158
 1.2 127.161589687922 863.003322015364
 1.3 127.121117097319 862.728648033805
 1.4 127.082779031914 862.468460363256
 1.5 127.046540330584 862.222520376897
 1.6 127.012366354287 861.990592991094
 1.7 126.980222977543 861.772446607592
 1.8 126.950076580124 861.567853057108
 1.9 126.921894038943 861.376587544293
 2 126.895642720133 861.198428593969
 2.1 126.871290471316 861.033157998665
 2.2 126.848805614058 860.880560767407
 2.3 126.828156936497 860.740425075693
 2.4 126.809313686147 860.612542216651
 2.5 126.792245562876 860.496706553385
 2.6 126.776922712041 860.392715472385
 2.7 126.763315717783 860.300369338021
 2.8 126.751395596489 860.219471448172
 2.9 126.741133790392 860.149827990794
 3 126.732502161326 860.091248001532
 3.1 126.725472984626 860.043543322328
 3.2 126.720018943162 860.006528560926
 3.3 126.716113121514 859.980021051342
 3.4 126.71372900028 859.963840815234
 3.5 126.712840450506 859.957810524101
 3.6 126.713421728254 859.961755462417
 3.7 126.715447469279 859.975503491507
 3.8 126.718892683833 859.99888501428
 3.9 126.723732751585 860.031732940757
 4 126.729943416644 860.073882654291
 4.1 126.737500782707 860.125171978638
 4.2 126.746381308301 860.18544114567
 4.3 126.756561802132 860.254532763803
 4.4 126.76801941854 860.332291787158
 4.5 126.780731653044 860.418565485325
 4.6 126.794676337988 860.513203413812
 4.7 126.80983163828 860.616057385127
 4.8 126.826176047218 860.726981440453
 4.9 126.843688382406 860.845831821929
 5 126.862347781758 860.972466945531
 5.1 126.882133699579 861.106747374476
 5.2 126.903025902731 861.248535793201
 5.3 126.92500446688 861.397696981892
 5.4 126.948049772813 861.554097791491
 5.5 126.972142502835 861.71760711924
 5.6 126.997263637237 861.888095884715
 5.7 127.023394450829 862.065437006293
 5.8 127.050516509554 862.249505378173
 5.9 127.078611667153 862.440177847745
 6 127.107662061905 862.637333193462
 6.1 127.137650113427 862.840852103125
 6.2 127.168558519535 863.050617152578
 6.3 127.200370253164 863.266512784806
 6.4 127.233068559345 863.488425289421
 6.5 127.26663695224 863.716242782536
 6.6 127.30105921223 863.949855187001
 6.7 127.336319383056 864.189154213007
 6.8 127.372401769012 864.434033339028
 6.9 127.409290932186 864.684387793102
 7 127.446971689754 864.940114534464
 7.1 127.485429111315 865.201112235458
 7.2 127.524648516277 865.4672812638
 7.3 127.564615471285 865.738523665121
 7.4 127.605315787689 866.014743145783
 7.5 127.646735519065 866.295845056055
 7.6 127.688860958759 866.581736373444
 7.7 127.73167863749 866.872325686432
 7.8 127.775175320976 867.167523178357
 7.9 127.819338007604 867.467240611606
 8 127.864153926136 867.771391312043
 8.1 127.90961053345 868.079890153681
 8.2 127.955695512313 868.392653543564
 8.3 128.002396769189 868.709599406896
 8.4 128.049702432078 869.030647172369
 8.5 128.097600848387 869.35571775772
 8.6 128.14608058283 869.684733555473
 8.7 128.195130415358 870.017618418896
 8.8 128.244739339119 870.354297648154
 8.9 128.294896558443 870.694697976633
 9 128.345591486852 871.038747557435
 9.1 128.396813745104 871.386375950106
 9.2 128.448553159253 871.737514107464
 9.3 128.500799758737 872.092094362628
 9.4 128.553543774494 872.450050416233
 9.5 128.60677563709 872.811317323718
 9.6 128.660485974883 873.175831482873
 9.7 128.714665612199 873.543530621457
 9.8 128.769305567529 873.914353784964
 9.9 128.824397051756 874.288241324584
 10 128.879931466385 874.665134885199
 10.1 128.935900401811 875.044977393624
 10.2 128.992295635592 875.427713046884
 10.3 129.049109130743 875.813287300643
 10.4 129.106333034054 876.20164685778
 10.5 129.163959674414 876.592739657023
 10.6 129.221981561161 876.986514861746
 10.7 129.280391382441 877.382922848833
 10.8 129.339182003591 877.781915197704
 10.9 129.398346465524 878.183444679356
 11 129.457877983143 878.587465245597
 11.1 129.517769943758 878.993932018304
 11.2 129.578015905521 879.402801278803
 11.3 129.638609595879 879.814030457365
 11.4 129.699544910028 880.227578122723
 11.5 129.760815909392 880.64340397174
 11.6 129.822416820107 881.061468819126
 11.7 129.88434203152 881.481734587249
 11.8 129.946586094695 881.904164295997
 11.9 130.009143720938 882.328722052766
 12 130.072009780326 882.755373042479
 12.1 130.135179300248 883.184083517683
 12.2 130.198647463957 883.614820788722
 12.3 130.262409609138 884.047553214016
 12.4 130.32646122647 884.48225019031
 12.5 130.390797958216 884.918882143093
 12.6 130.455415596811 885.357420517024
 12.7 130.52031008346 885.797837766415
 12.8 130.585477506748 886.240107345796
 12.9 130.650914101258 886.684203700538
 13 130.716616246194 887.130102257503
 13.1 130.782580464018 887.577779415802
 13.2 130.848803419089 888.027212537551
 13.3 130.915281916311 888.478379938697
 13.4 130.982012899797 888.931260879956
 13.5 131.048993451524 889.385835557676
 13.6 131.116220790013 889.842085094888
 13.7 131.183692269003 890.2999915323
 13.8 131.251405376139 890.759537819397
 13.9 131.319357731664 891.22070780556
 14 131.387547087121 891.683486231261
 14.1 131.455971324056 892.14785871926
 14.2 131.524628452732 892.613811765875
 14.3 131.593516610851 893.081332732309
 14.4 131.662634062275 893.550409835973
 14.5 131.731979195761 894.021032141898
 14.6 131.801550523697 894.493189554157
 14.7 131.871346680849 894.966872807362
 14.8 131.941366423106 895.442073458146
 14.9 132.011608626242 895.918783876763
 15 132.082072284673 896.396997238647
 15.1 132.152756510224 896.876707516054
 15.2 132.223660530907 897.357909469756
 15.3 132.294783689696 897.840598640737
 15.4 132.366125443312 898.324771341944
 15.5 132.437685361014 898.810424650082
 15.6 132.509463123394 899.297556397434
 15.7 132.581458521176 899.786165163714
 15.8 132.653671454027 900.276250267997
 15.9 132.726101929365 900.767811760624
 16 132.798750061179 901.260850415202
 16.1 132.871616068847 901.755367720575
 16.2 132.944700275972 902.25136587293
 16.3 133.018003109208 902.748847767825
 16.4 133.091525097102 903.247816992332
 16.5 133.165266868937 903.748277817186
 16.6 133.239229153583 904.250235188983
 16.7 133.313412778351 904.753694722409
 16.8 133.387818667851 905.258662692482
 16.9 133.462447842861 905.765146026883
 17 133.537301419195 906.27315229827
 17.1 133.61238060658 906.782689716656
 17.2 133.687686707535 907.293767121804
 17.3 133.763221116263 907.806393975705
 17.4 133.838985317536 908.320580355011
 17.5 133.914980885599 908.836336943599
 17.6 133.991209483069 909.353675025095
 17.7 134.067672859843 909.872606475468
 17.8 134.144372852014 910.393143755668
 17.9 134.221311380787 910.915299904275
 18 134.298490451406 911.439088530209
 18.1 134.375912152084 911.964523805477
 18.2 134.453578652934 912.491620457912
 18.3 134.531492204918 913.020393764044
 18.4 134.609655138786 913.550859541894
 18.5 134.688069864033 914.083034143904
 18.6 134.766738867852 914.616934449822
 18.7 134.845664714103 915.152577859712
 18.8 134.924850042279 915.689982286934
 18.9 135.00429756648 916.229166151178
 19 135.084010074395 916.770148371561
 19.1 135.163990426289 917.312948359748
 19.2 135.244241553991 917.857586013086
 19.3 135.324766459896 918.404081707828
 19.4 135.405568215969 918.952456292376
 19.5 135.486649962749 919.502731080523
 19.6 135.568014908372 920.054927844818
 19.7 135.649666327585 920.609068809877
 19.8 135.73160756078 921.165176645827
 19.9 135.813842013022 921.723274461709
